free_thresh: 0.196
image: INB1004-wed.pgm
negate: 0
occupied_thresh: 0.65
origin: [-6.6499999999999915, -15.799999999999997, 0.0]
resolution: 0.05
